    54  80  61  50  76  57  74  54  80  61  66  50  64  71  83  69  45  52  81  83  80  42  81  57  45  42  40  66  74  81  59  68  59  62  73  64  74  49  71  52  47  40  85  83  85  68  73  69  69  56  59  47  76  49  49  81  54  57  64  78  62  71  64  68  86  47  56  56  52  88  49  56  
81  4   14  5   4   4   4   2   4   28  5   5   4   4   2   18  19  6   2   10  14  1   3   3   1   2   2   1   3   2   2   1   1   0   0   0   0   0   0   0   0   0   0   0   0   0   0   0   0   0   0   0   0   0   0   0   0   0   0   0   0   0   0   0   0   0   0   0   0   0   0   0   0   
54  6   6   10  1   2   1   0   4   12  4   0   0   0   0   1   8   0   2   3   2   0   0   5   0   0   0   0   5   1   4   0   0   1   3   1   1   1   1   0   0   0   0   0   0   0   0   0   0   0   0   0   0   0   0   0   0   0   0   0   0   0   0   0   0   0   0   0   0   0   0   0   0   
80  5   2   5   3   4   0   0   4   0   0   0   16  1   2   0   0   0   3   0   0   0   3   32  0   8   16  1   7   1   10  2   0   0   2   2   0   0   0   5   2   4   1   0   0   0   0   0   0   0   0   0   0   0   0   0   0   0   0   0   0   0   0   0   0   0   0   0   0   0   0   0   0   
61  1   5   9   0   5   0   0   0   0   0   1   0   2   0   2   3   6   4   0   0   0   0   9   0   0   0   0   6   0   4   3   0   0   1   3   0   2   1   1   0   0   0   3   2   4   1   2   2   0   0   0   0   0   0   0   0   0   0   0   0   0   0   0   0   0   0   0   0   0   0   0   0   
66  3   4   1   6   4   5   0   0   2   0   0   0   2   0   2   7   1   1   0   0   0   0   3   0   0   0   0   2   2   1   0   0   0   0   2   1   0   0   0   0   0   0   0   0   0   0   1   0   1   0   0   0   0   0   0   0   0   0   0   0   0   0   0   0   0   0   0   0   0   0   0   0   
50  0   0   0   7   4   13  0   0   8   0   0   0   3   2   8   24  6   5   0   0   0   0   4   0   0   0   0   2   5   4   0   0   0   1   1   6   1   0   0   0   0   0   0   0   0   0   0   3   0   0   0   0   0   0   0   0   0   0   0   0   0   0   0   0   0   0   0   0   0   0   0   0   
76  0   0   8   1   4   5   0   0   0   0   0   0   4   2   0   15  6   4   0   0   0   0   4   0   0   0   0   3   0   6   3   0   0   1   3   5   0   0   2   0   0   0   3   2   0   2   0   1   0   1   0   0   0   0   0   0   0   0   0   0   0   0   0   0   0   0   0   0   0   0   0   0   
57  1   0   1   1   0   6   2   0   0   0   0   0   1   1   4   9   0   0   3   1   0   0   4   0   0   0   0   3   1   3   0   0   0   1   0   4   0   1   0   0   0   0   0   0   0   0   3   3   0   0   0   0   0   0   0   0   0   0   0   0   0   0   0   0   0   0   0   0   0   0   0   0   
64  3   1   4   0   0   3   2   2   9   4   0   3   7   3   5   18  1   4   2   1   0   1   1   1   4   0   0   1   0   1   0   1   2   1   1   2   6   3   0   4   0   1   0   0   0   1   6   6   0   2   1   1   0   0   0   0   0   0   0   0   0   0   0   0   0   0   0   0   0   0   0   0   
74  2   0   6   1   9   0   0   0   0   2   0   1   1   0   0   6   4   6   0   0   0   0   0   0   2   0   0   1   0   1   0   0   0   1   2   2   0   0   0   2   1   0   0   0   0   1   6   3   0   1   0   0   4   0   0   0   0   0   0   0   0   0   0   0   0   0   0   0   0   0   0   0   
69  0   0   2   4   2   1   0   7   4   4   3   16  8   9   0   4   5   0   0   0   0   1   14  19  0   6   0   0   0   0   0   4   1   0   7   0   5   3   0   0   0   0   0   0   0   1   6   1   0   0   0   0   19  10  2   3   2   1   1   1   3   1   1   1   0   0   0   0   0   0   0   0   
73  5   1   4   4   3   5   0   0   0   0   0   0   4   2   0   0   6   9   0   0   0   0   0   0   2   0   1   0   6   4   1   0   0   1   0   6   9   0   6   1   0   1   0   0   0   2   0   0   0   2   0   0   0   0   0   0   0   0   0   0   0   1   1   1   0   0   0   0   0   0   0   0   
45  1   0   6   0   7   0   0   0   0   0   0   0   4   2   8   0   10  22  0   0   0   3   8   0   0   0   1   0   6   0   5   0   0   0   1   2   2   0   6   0   4   0   0   2   0   1   2   3   0   0   0   0   0   0   0   0   0   0   0   0   0   0   0   0   8   0   0   0   0   0   0   0   
52  1   0   15  0   10  0   0   0   2   0   0   0   5   0   0   2   3   12  0   0   0   0   3   0   0   0   0   0   1   0   10  0   0   0   3   1   4   0   2   0   0   0   3   2   8   0   1   4   0   0   2   0   0   0   0   0   0   0   0   0   0   0   0   0   8   0   0   0   0   0   0   0   
68  4   0   1   0   0   0   0   1   1   1   0   0   0   1   0   0   0   0   0   0   0   2   0   0   0   0   0   0   0   2   2   0   0   0   0   8   0   1   0   0   0   0   0   0   0   2   0   5   0   0   0   0   0   0   0   0   0   0   0   0   0   0   1   0   0   0   0   0   0   0   0   0   
71  1   0   0   4   0   0   0   0   0   0   1   2   5   0   0   0   0   0   0   0   0   0   6   1   0   2   0   2   0   0   4   2   0   0   4   0   0   2   0   0   1   0   0   0   0   2   4   1   0   1   3   6   2   0   0   1   0   0   0   0   0   0   0   0   0   1   1   4   0   0   0   0   
56  0   1   0   0   0   1   0   1   6   1   0   0   0   0   1   0   0   0   3   1   0   2   0   0   0   0   0   0   0   0   1   0   0   0   0   1   0   1   0   0   0   0   0   0   0   0   0   1   0   1   0   0   0   0   0   0   0   0   0   0   0   0   1   0   0   0   0   0   0   0   0   0   
59  0   0   1   0   0   0   0   0   0   0   0   0   6   0   2   1   0   0   1   0   0   0   9   0   0   0   0   0   0   0   2   0   0   0   0   3   0   0   0   1   0   0   0   2   4   1   1   1   0   0   3   0   0   0   0   0   0   0   0   0   0   0   0   1   0   0   0   0   0   0   0   0   
85  0   0   0   0   1   0   0   0   0   4   0   0   0   0   8   0   2   3   0   0   0   0   0   0   8   0   0   0   0   1   0   0   0   0   0   0   0   0   0   0   0   0   0   2   0   0   0   0   0   0   4   0   0   0   0   0   0   0   0   0   0   0   0   0   8   0   0   0   0   0   0   0   
83  0   0   0   0   2   0   0   8   3   0   2   8   7   0   3   0   0   2   0   0   0   0   30  0   8   10  0   0   0   0   2   0   0   0   0   0   0   0   0   10  0   1   0   0   8   0   0   0   0   0   0   0   0   0   0   0   0   0   0   0   3   0   0   0   0   0   0   5   1   0   0   0   
86  0   0   0   0   0   0   0   0   0   4   0   0   0   0   0   0   0   0   0   0   0   0   0   0   0   0   0   0   0   0   0   0   0   0   0   0   0   0   0   8   0   0   0   0   0   0   0   0   0   0   4   0   0   0   0   0   0   0   0   0   0   0   0   0   0   0   0   0   0   8   0   0   
88  0   0   0   0   0   0   0   0   0   0   0   0   0   0   0   0   0   0   0   0   0   0   0   0   0   0   0   0   0   0   0   0   0   0   0   0   0   0   0   0   0   0   0   0   8   0   0   0   0   0   0   0   0   0   0   0   0   0   0   0   0   0   0   0   0   0   0   0   0   0   0   0   
42  1   0   1   0   0   1   0   0   10  0   0   0   0   4   0   22  0   0   0   0   0   4   1   0   0   0   0   0   0   0   0   0   0   0   0   0   0   4   3   0   4   0   0   0   0   1   0   0   0   1   0   1   0   0   0   1   0   0   0   0   0   0   0   0   0   1   1   1   0   0   0   0   
49  2   0   1   1   0   1   0   0   0   0   0   0   0   0   1   6   0   0   3   2   0   1   0   0   0   0   0   1   0   0   0   0   0   0   0   3   0   1   0   0   0   0   0   0   0   0   0   2   0   1   0   0   0   0   0   0   0   0   0   0   0   0   1   0   0   0   0   0   0   0   1   1   
47  0   0   0   0   0   0   0   0   0   0   0   0   0   3   1   0   0   0   3   1   0   0   1   0   0   0   0   0   0   0   0   0   0   0   0   1   0   0   0   0   2   0   0   0   0   2   0   0   0   2   0   1   0   0   0   1   0   0   0   0   0   0   1   0   0   1   1   1   0   0   0   0   
78  0   0   0   0   0   0   0   0   0   0   0   0   0   0   0   1   0   0   0   0   0   0   0   0   0   0   0   0   0   0   0   0   0   0   0   0   0   0   0   0   0   0   0   0   0   0   0   0   0   0   0   0   0   0   0   0   0   0   0   0   0   0   0   0   0   0   0   0   0   0   0   0   
40  0   0   0   0   0   0   0   0   1   0   0   0   1   1   0   1   0   0   0   0   0   0   0   0   0   0   1   0   1   0   0   0   0   0   0   0   0   1   0   0   2   0   0   0   0   1   0   0   0   1   0   0   0   0   0   0   0   0   0   0   0   0   0   0   0   0   0   0   0   0   0   0   
62  1   0   0   0   0   0   0   0   3   0   0   0   0   0   1   0   1   1   2   0   0   0   0   0   0   0   0   2   1   1   0   0   0   1   0   1   0   0   0   0   0   0   0   0   0   0   1   0   0   0   0   0   0   0   0   0   0   0   0   0   0   0   0   0   0   0   0   0   0   0   0   0   
