        54:692  80:692  61:692  50:692  76:692  57:692  74:4153 54:346  80:346  61:346  66:346  50:346  64:346  71:346  83:346  69:346  45:692  52:692  81:173  83:173  80:173  42:692  81:346  57:346  45:346  42:346  40:692  66:692  74:692  81:692  59:692  68:346  59:1038 62:692  73:692  64:692  74:346  49:692  71:692  52:346  47:692  40:346  85:692  83:692  85:346  68:692  73:346  69:692  69:1384 56:692  59:346  47:346  76:346  49:346  49:519  81:519  54:519  57:519  64:519  78:346  62:346  71:1384 64:1384 68:1384 86:346  47:519  56:519  56:346  52:173  88:346  49:1384 56:1384 
81      0.02    0.08    0.03    0.02    0.02    0.02    0.01    0.02    0.16    0.03    0.03    0.02    0.02    0.01    0.1     0.11    0.03    0.01    0.06    0.08    0.01    0.02    0.02    0.01    0.01    0.01    0.01    0.02    0.01    0.01    0.01    0.01    0.0     0.0     0.0     0.0     0.0     0.0     0.0     0.0     0.0     0.0     0.0     0.0     0.0     0.0     0.0     0.0     0.0     0.0     0.0     0.0     0.0     0.0     0.0     0.0     0.0     0.0     0.0     0.0     0.0     0.0     0.0     0.0     0.0     0.0     0.0     0.0     0.0     0.0     0.0     0.0     
54      0.07    0.07    0.12    0.01    0.02    0.01    0.0     0.05    0.14    0.05    0.0     0.0     0.0     0.0     0.01    0.09    0.0     0.02    0.04    0.02    0.0     0.0     0.06    0.0     0.0     0.0     0.0     0.06    0.01    0.05    0.0     0.0     0.01    0.04    0.01    0.01    0.01    0.01    0.0     0.0     0.0     0.0     0.0     0.0     0.0     0.0     0.0     0.0     0.0     0.0     0.0     0.0     0.0     0.0     0.0     0.0     0.0     0.0     0.0     0.0     0.0     0.0     0.0     0.0     0.0     0.0     0.0     0.0     0.0     0.0     0.0     0.0     
80      0.04    0.01    0.04    0.02    0.03    0.0     0.0     0.03    0.0     0.0     0.0     0.11    0.01    0.01    0.0     0.0     0.0     0.02    0.0     0.0     0.0     0.02    0.23    0.0     0.06    0.11    0.01    0.05    0.01    0.07    0.01    0.0     0.0     0.01    0.01    0.0     0.0     0.0     0.04    0.01    0.03    0.01    0.0     0.0     0.0     0.0     0.0     0.0     0.0     0.0     0.0     0.0     0.0     0.0     0.0     0.0     0.0     0.0     0.0     0.0     0.0     0.0     0.0     0.0     0.0     0.0     0.0     0.0     0.0     0.0     0.0     0.0     
61      0.01    0.06    0.11    0.0     0.06    0.0     0.0     0.0     0.0     0.0     0.01    0.0     0.02    0.0     0.02    0.04    0.07    0.05    0.0     0.0     0.0     0.0     0.11    0.0     0.0     0.0     0.0     0.07    0.0     0.05    0.04    0.0     0.0     0.01    0.04    0.0     0.02    0.01    0.01    0.0     0.0     0.0     0.04    0.02    0.05    0.01    0.02    0.02    0.0     0.0     0.0     0.0     0.0     0.0     0.0     0.0     0.0     0.0     0.0     0.0     0.0     0.0     0.0     0.0     0.0     0.0     0.0     0.0     0.0     0.0     0.0     0.0     
66      0.06    0.08    0.02    0.12    0.08    0.1     0.0     0.0     0.04    0.0     0.0     0.0     0.04    0.0     0.04    0.14    0.02    0.02    0.0     0.0     0.0     0.0     0.06    0.0     0.0     0.0     0.0     0.04    0.04    0.02    0.0     0.0     0.0     0.0     0.04    0.02    0.0     0.0     0.0     0.0     0.0     0.0     0.0     0.0     0.0     0.0     0.02    0.0     0.02    0.0     0.0     0.0     0.0     0.0     0.0     0.0     0.0     0.0     0.0     0.0     0.0     0.0     0.0     0.0     0.0     0.0     0.0     0.0     0.0     0.0     0.0     0.0     
50      0.0     0.0     0.0     0.07    0.04    0.12    0.0     0.0     0.07    0.0     0.0     0.0     0.03    0.02    0.07    0.22    0.06    0.05    0.0     0.0     0.0     0.0     0.04    0.0     0.0     0.0     0.0     0.02    0.05    0.04    0.0     0.0     0.0     0.01    0.01    0.06    0.01    0.0     0.0     0.0     0.0     0.0     0.0     0.0     0.0     0.0     0.0     0.03    0.0     0.0     0.0     0.0     0.0     0.0     0.0     0.0     0.0     0.0     0.0     0.0     0.0     0.0     0.0     0.0     0.0     0.0     0.0     0.0     0.0     0.0     0.0     0.0     
76      0.0     0.0     0.09    0.01    0.05    0.06    0.0     0.0     0.0     0.0     0.0     0.0     0.05    0.02    0.0     0.18    0.07    0.05    0.0     0.0     0.0     0.0     0.05    0.0     0.0     0.0     0.0     0.04    0.0     0.07    0.04    0.0     0.0     0.01    0.04    0.06    0.0     0.0     0.02    0.0     0.0     0.0     0.04    0.02    0.0     0.02    0.0     0.01    0.0     0.01    0.0     0.0     0.0     0.0     0.0     0.0     0.0     0.0     0.0     0.0     0.0     0.0     0.0     0.0     0.0     0.0     0.0     0.0     0.0     0.0     0.0     0.0     
57      0.02    0.0     0.02    0.02    0.0     0.11    0.04    0.0     0.0     0.0     0.0     0.0     0.02    0.02    0.08    0.17    0.0     0.0     0.06    0.02    0.0     0.0     0.08    0.0     0.0     0.0     0.0     0.06    0.02    0.06    0.0     0.0     0.0     0.02    0.0     0.08    0.0     0.02    0.0     0.0     0.0     0.0     0.0     0.0     0.0     0.0     0.06    0.06    0.0     0.0     0.0     0.0     0.0     0.0     0.0     0.0     0.0     0.0     0.0     0.0     0.0     0.0     0.0     0.0     0.0     0.0     0.0     0.0     0.0     0.0     0.0     0.0     
64      0.03    0.01    0.03    0.0     0.0     0.03    0.02    0.02    0.08    0.03    0.0     0.03    0.06    0.03    0.04    0.15    0.01    0.03    0.02    0.01    0.0     0.01    0.01    0.01    0.03    0.0     0.0     0.01    0.0     0.01    0.0     0.01    0.02    0.01    0.01    0.02    0.05    0.03    0.0     0.03    0.0     0.01    0.0     0.0     0.0     0.01    0.05    0.05    0.0     0.02    0.01    0.01    0.0     0.0     0.0     0.0     0.0     0.0     0.0     0.0     0.0     0.0     0.0     0.0     0.0     0.0     0.0     0.0     0.0     0.0     0.0     0.0     
74      0.03    0.0     0.09    0.02    0.14    0.0     0.0     0.0     0.0     0.03    0.0     0.02    0.02    0.0     0.0     0.09    0.06    0.09    0.0     0.0     0.0     0.0     0.0     0.0     0.03    0.0     0.0     0.02    0.0     0.02    0.0     0.0     0.0     0.02    0.03    0.03    0.0     0.0     0.0     0.03    0.02    0.0     0.0     0.0     0.0     0.02    0.09    0.05    0.0     0.02    0.0     0.0     0.06    0.0     0.0     0.0     0.0     0.0     0.0     0.0     0.0     0.0     0.0     0.0     0.0     0.0     0.0     0.0     0.0     0.0     0.0     0.0     
69      0.0     0.0     0.01    0.02    0.01    0.01    0.0     0.04    0.02    0.02    0.02    0.09    0.04    0.05    0.0     0.02    0.03    0.0     0.0     0.0     0.0     0.01    0.08    0.1     0.0     0.03    0.0     0.0     0.0     0.0     0.0     0.02    0.01    0.0     0.04    0.0     0.03    0.02    0.0     0.0     0.0     0.0     0.0     0.0     0.0     0.01    0.03    0.01    0.0     0.0     0.0     0.0     0.1     0.05    0.01    0.02    0.01    0.01    0.01    0.01    0.02    0.01    0.01    0.01    0.0     0.0     0.0     0.0     0.0     0.0     0.0     0.0     
73      0.06    0.01    0.05    0.05    0.03    0.06    0.0     0.0     0.0     0.0     0.0     0.0     0.05    0.02    0.0     0.0     0.07    0.1     0.0     0.0     0.0     0.0     0.0     0.0     0.02    0.0     0.01    0.0     0.07    0.05    0.01    0.0     0.0     0.01    0.0     0.07    0.1     0.0     0.07    0.01    0.0     0.01    0.0     0.0     0.0     0.02    0.0     0.0     0.0     0.02    0.0     0.0     0.0     0.0     0.0     0.0     0.0     0.0     0.0     0.0     0.0     0.01    0.01    0.01    0.0     0.0     0.0     0.0     0.0     0.0     0.0     0.0     
45      0.01    0.0     0.05    0.0     0.06    0.0     0.0     0.0     0.0     0.0     0.0     0.0     0.04    0.02    0.07    0.0     0.09    0.19    0.0     0.0     0.0     0.03    0.07    0.0     0.0     0.0     0.01    0.0     0.05    0.0     0.04    0.0     0.0     0.0     0.01    0.02    0.02    0.0     0.05    0.0     0.04    0.0     0.0     0.02    0.0     0.01    0.02    0.03    0.0     0.0     0.0     0.0     0.0     0.0     0.0     0.0     0.0     0.0     0.0     0.0     0.0     0.0     0.0     0.0     0.07    0.0     0.0     0.0     0.0     0.0     0.0     0.0     
52      0.01    0.0     0.15    0.0     0.1     0.0     0.0     0.0     0.02    0.0     0.0     0.0     0.05    0.0     0.0     0.02    0.03    0.12    0.0     0.0     0.0     0.0     0.03    0.0     0.0     0.0     0.0     0.0     0.01    0.0     0.1     0.0     0.0     0.0     0.03    0.01    0.04    0.0     0.02    0.0     0.0     0.0     0.03    0.02    0.08    0.0     0.01    0.04    0.0     0.0     0.02    0.0     0.0     0.0     0.0     0.0     0.0     0.0     0.0     0.0     0.0     0.0     0.0     0.0     0.08    0.0     0.0     0.0     0.0     0.0     0.0     0.0     
68      0.12    0.0     0.03    0.0     0.0     0.0     0.0     0.03    0.03    0.03    0.0     0.0     0.0     0.03    0.0     0.0     0.0     0.0     0.0     0.0     0.0     0.06    0.0     0.0     0.0     0.0     0.0     0.0     0.0     0.06    0.06    0.0     0.0     0.0     0.0     0.25    0.0     0.03    0.0     0.0     0.0     0.0     0.0     0.0     0.0     0.06    0.0     0.16    0.0     0.0     0.0     0.0     0.0     0.0     0.0     0.0     0.0     0.0     0.0     0.0     0.0     0.0     0.03    0.0     0.0     0.0     0.0     0.0     0.0     0.0     0.0     0.0     
71      0.02    0.0     0.0     0.06    0.0     0.0     0.0     0.0     0.0     0.0     0.02    0.03    0.08    0.0     0.0     0.0     0.0     0.0     0.0     0.0     0.0     0.0     0.1     0.02    0.0     0.03    0.0     0.03    0.0     0.0     0.06    0.03    0.0     0.0     0.06    0.0     0.0     0.03    0.0     0.0     0.02    0.0     0.0     0.0     0.0     0.03    0.06    0.02    0.0     0.02    0.05    0.1     0.03    0.0     0.0     0.02    0.0     0.0     0.0     0.0     0.0     0.0     0.0     0.0     0.0     0.02    0.02    0.06    0.0     0.0     0.0     0.0     
56      0.0     0.04    0.0     0.0     0.0     0.04    0.0     0.04    0.26    0.04    0.0     0.0     0.0     0.0     0.04    0.0     0.0     0.0     0.13    0.04    0.0     0.09    0.0     0.0     0.0     0.0     0.0     0.0     0.0     0.0     0.04    0.0     0.0     0.0     0.0     0.04    0.0     0.04    0.0     0.0     0.0     0.0     0.0     0.0     0.0     0.0     0.0     0.04    0.0     0.04    0.0     0.0     0.0     0.0     0.0     0.0     0.0     0.0     0.0     0.0     0.0     0.0     0.04    0.0     0.0     0.0     0.0     0.0     0.0     0.0     0.0     0.0     
59      0.0     0.0     0.03    0.0     0.0     0.0     0.0     0.0     0.0     0.0     0.0     0.0     0.15    0.0     0.05    0.03    0.0     0.0     0.03    0.0     0.0     0.0     0.23    0.0     0.0     0.0     0.0     0.0     0.0     0.0     0.05    0.0     0.0     0.0     0.0     0.08    0.0     0.0     0.0     0.03    0.0     0.0     0.0     0.05    0.1     0.03    0.03    0.03    0.0     0.0     0.08    0.0     0.0     0.0     0.0     0.0     0.0     0.0     0.0     0.0     0.0     0.0     0.0     0.03    0.0     0.0     0.0     0.0     0.0     0.0     0.0     0.0     
85      0.0     0.0     0.0     0.0     0.02    0.0     0.0     0.0     0.0     0.1     0.0     0.0     0.0     0.0     0.2     0.0     0.05    0.07    0.0     0.0     0.0     0.0     0.0     0.0     0.2     0.0     0.0     0.0     0.0     0.02    0.0     0.0     0.0     0.0     0.0     0.0     0.0     0.0     0.0     0.0     0.0     0.0     0.0     0.05    0.0     0.0     0.0     0.0     0.0     0.0     0.1     0.0     0.0     0.0     0.0     0.0     0.0     0.0     0.0     0.0     0.0     0.0     0.0     0.0     0.2     0.0     0.0     0.0     0.0     0.0     0.0     0.0     
83      0.0     0.0     0.0     0.0     0.02    0.0     0.0     0.07    0.03    0.0     0.02    0.07    0.06    0.0     0.03    0.0     0.0     0.02    0.0     0.0     0.0     0.0     0.27    0.0     0.07    0.09    0.0     0.0     0.0     0.0     0.02    0.0     0.0     0.0     0.0     0.0     0.0     0.0     0.0     0.09    0.0     0.01    0.0     0.0     0.07    0.0     0.0     0.0     0.0     0.0     0.0     0.0     0.0     0.0     0.0     0.0     0.0     0.0     0.0     0.0     0.03    0.0     0.0     0.0     0.0     0.0     0.0     0.04    0.01    0.0     0.0     0.0     
86      0.0     0.0     0.0     0.0     0.0     0.0     0.0     0.0     0.0     0.17    0.0     0.0     0.0     0.0     0.0     0.0     0.0     0.0     0.0     0.0     0.0     0.0     0.0     0.0     0.0     0.0     0.0     0.0     0.0     0.0     0.0     0.0     0.0     0.0     0.0     0.0     0.0     0.0     0.0     0.33    0.0     0.0     0.0     0.0     0.0     0.0     0.0     0.0     0.0     0.0     0.17    0.0     0.0     0.0     0.0     0.0     0.0     0.0     0.0     0.0     0.0     0.0     0.0     0.0     0.0     0.0     0.0     0.0     0.0     0.33    0.0     0.0     
88      0.0     0.0     0.0     0.0     0.0     0.0     0.0     0.0     0.0     0.0     0.0     0.0     0.0     0.0     0.0     0.0     0.0     0.0     0.0     0.0     0.0     0.0     0.0     0.0     0.0     0.0     0.0     0.0     0.0     0.0     0.0     0.0     0.0     0.0     0.0     0.0     0.0     0.0     0.0     0.0     0.0     0.0     0.0     0.0     1.0     0.0     0.0     0.0     0.0     0.0     0.0     0.0     0.0     0.0     0.0     0.0     0.0     0.0     0.0     0.0     0.0     0.0     0.0     0.0     0.0     0.0     0.0     0.0     0.0     0.0     0.0     0.0     
42      0.02    0.0     0.02    0.0     0.0     0.02    0.0     0.0     0.16    0.0     0.0     0.0     0.0     0.06    0.0     0.35    0.0     0.0     0.0     0.0     0.0     0.06    0.02    0.0     0.0     0.0     0.0     0.0     0.0     0.0     0.0     0.0     0.0     0.0     0.0     0.0     0.0     0.06    0.05    0.0     0.06    0.0     0.0     0.0     0.0     0.02    0.0     0.0     0.0     0.02    0.0     0.02    0.0     0.0     0.0     0.02    0.0     0.0     0.0     0.0     0.0     0.0     0.0     0.0     0.0     0.02    0.02    0.02    0.0     0.0     0.0     0.0     
49      0.07    0.0     0.03    0.03    0.0     0.03    0.0     0.0     0.0     0.0     0.0     0.0     0.0     0.0     0.03    0.21    0.0     0.0     0.1     0.07    0.0     0.03    0.0     0.0     0.0     0.0     0.0     0.03    0.0     0.0     0.0     0.0     0.0     0.0     0.0     0.1     0.0     0.03    0.0     0.0     0.0     0.0     0.0     0.0     0.0     0.0     0.0     0.07    0.0     0.03    0.0     0.0     0.0     0.0     0.0     0.0     0.0     0.0     0.0     0.0     0.0     0.0     0.03    0.0     0.0     0.0     0.0     0.0     0.0     0.0     0.03    0.03    
47      0.0     0.0     0.0     0.0     0.0     0.0     0.0     0.0     0.0     0.0     0.0     0.0     0.0     0.14    0.05    0.0     0.0     0.0     0.14    0.05    0.0     0.0     0.05    0.0     0.0     0.0     0.0     0.0     0.0     0.0     0.0     0.0     0.0     0.0     0.0     0.05    0.0     0.0     0.0     0.0     0.09    0.0     0.0     0.0     0.0     0.09    0.0     0.0     0.0     0.09    0.0     0.05    0.0     0.0     0.0     0.05    0.0     0.0     0.0     0.0     0.0     0.0     0.05    0.0     0.0     0.05    0.05    0.05    0.0     0.0     0.0     0.0     
78      0.0     0.0     0.0     0.0     0.0     0.0     0.0     0.0     0.0     0.0     0.0     0.0     0.0     0.0     0.0     1.0     0.0     0.0     0.0     0.0     0.0     0.0     0.0     0.0     0.0     0.0     0.0     0.0     0.0     0.0     0.0     0.0     0.0     0.0     0.0     0.0     0.0     0.0     0.0     0.0     0.0     0.0     0.0     0.0     0.0     0.0     0.0     0.0     0.0     0.0     0.0     0.0     0.0     0.0     0.0     0.0     0.0     0.0     0.0     0.0     0.0     0.0     0.0     0.0     0.0     0.0     0.0     0.0     0.0     0.0     0.0     0.0     
40      0.0     0.0     0.0     0.0     0.0     0.0     0.0     0.0     0.09    0.0     0.0     0.0     0.09    0.09    0.0     0.09    0.0     0.0     0.0     0.0     0.0     0.0     0.0     0.0     0.0     0.0     0.09    0.0     0.09    0.0     0.0     0.0     0.0     0.0     0.0     0.0     0.0     0.09    0.0     0.0     0.18    0.0     0.0     0.0     0.0     0.09    0.0     0.0     0.0     0.09    0.0     0.0     0.0     0.0     0.0     0.0     0.0     0.0     0.0     0.0     0.0     0.0     0.0     0.0     0.0     0.0     0.0     0.0     0.0     0.0     0.0     0.0     
62      0.06    0.0     0.0     0.0     0.0     0.0     0.0     0.0     0.19    0.0     0.0     0.0     0.0     0.0     0.06    0.0     0.06    0.06    0.12    0.0     0.0     0.0     0.0     0.0     0.0     0.0     0.0     0.12    0.06    0.06    0.0     0.0     0.0     0.06    0.0     0.06    0.0     0.0     0.0     0.0     0.0     0.0     0.0     0.0     0.0     0.0     0.06    0.0     0.0     0.0     0.0     0.0     0.0     0.0     0.0     0.0     0.0     0.0     0.0     0.0     0.0     0.0     0.0     0.0     0.0     0.0     0.0     0.0     0.0     0.0     0.0     0.0     
